0 0.1921875 0.109375 0.0375 0.078125
0 0.24609375 0.2140625 0.10546875 0.1
1 0.45 0.28125 0.2828125 0.0390625

3 0.78828125 0.39140625 0.0375 0.0453125
1 0.8734375 0.41484375 0.13671875 0.040625
0 0.8390625 0.53515625 0.0875 0.203125
1 0.54765625 0.62890625 0.63125 0.046875
3 0.79765625 0.6875 0.0609375 0.09375
3 0.55078125 0.79609375 0.046875 0.0875
2 0.68125 0.8296875 0.359375 0.3359375
1 0.8484375 0.96796875 0.2171875 0.0609375
0 0.24375 0.79609375 0.07421875 0.2515625
1 0.1015625 0.771875 0.203125 0.05859375
0 0.521875 0.12890625 0.015625 0.0546875
