0 0.45859375 0.6828125 0.0234375 0.08046875
0 0.10078125 0.765625 0.20078125 0.17265625
1 0.27890625 0.6171875 0.07265625 0.01171875
0 0.3625 0.58828125 0.01015625 0.0171875
0 0.5125 0.853125 0.0421875 0.1140625
0 0.38515625 0.55859375 0.00625 0.0078125
0 0.50625 0.78359375 0.04453125 0.0953125
0 0.4796875 0.76171875 0.021875 0.07421875
0 0.56328125 0.91484375 0.06875 0.165625
1 0.31875 0.59609375 0.0796875 0.00859375
0 0.55 0.95390625 0.0359375 0.08359375
1 0.38984375 0.56328125 0.0109375 0.00234375
0 0.47578125 0.715625 0.009375 0.0234375