0 0.225 0.84453125 0.06328125 0.13984375
1 0.4625 0.87109375 0.08359375 0.05703125
0 0.171875 0.70546875 0.053125 0.03984375
0 0.4453125 0.6875 0.01328125 0.040625
1 0.20390625 0.7078125 0.07421875 0.02265625
1 0.34609375 0.58828125 0.01953125 0.00859375
0 0.38671875 0.628125 0.0140625 0.028125
1 0.44765625 0.7234375 0.0578125 0.0296875
1 0.3609375 0.6828125 0.13203125 0.046875
1 0.41953125 0.6125 0.03125 0.01875
0 0.51640625 0.9421875 0.0328125 0.10390625
0 0.3765625 0.89296875 0.0296875 0.20546875
0 0.26875 0.74375 0.0546875 0.08125
0 0.4234375 0.796875 0.040625 0.1015625
1 0.35390625 0.76953125 0.0640625 0.015625
1 0.15234375 0.7671875 0.16484375 0.0734375
1 0.265625 0.65546875 0.22734375 0.03125
1 0.2421875 0.6859375 0.1046875 0.01328125