3 0.4875 0.69296875 0.0640625 0.0390625
3 0.278125 0.853125 0.125 0.0609375
3 0.12734375 0.959375 0.25390625 0.078125
3 0.059375 0.75859375 0.0890625 0.0609375
3 0.228125 0.76171875 0.08046875 0.034375
3 0.26640625 0.715625 0.08046875 0.034375
3 0.33515625 0.78203125 0.1015625 0.0390625
3 0.40546875 0.68203125 0.08046875 0.0359375
3 0.3734375 0.7390625 0.11640625 0.046875
3 0.57734375 0.86015625 0.15703125 0.0515625
3 0.590625 0.803125 0.1515625 0.034375
3 0.546875 0.753125 0.0984375 0.03359375
3 0.51953125 0.62890625 0.0640625 0.0390625
0 0.59609375 0.684375 0.05859375 0.10546875
