3 0.88828125 0.8 0.190625 0.05546875
3 0.46875 0.725 0.10390625 0.08359375
3 0.33984375 0.759375 0.06796875 0.0640625
3 0.22421875 0.85546875 0.06796875 0.0640625
3 0.28828125 0.68828125 0.04296875 0.03203125
3 0.1578125 0.82421875 0.04296875 0.03203125
3 0.0859375 0.8375 0.05859375 0.04140625
2 0.73125 0.82265625 0.10703125 0.059375
3 0.2703125 0.91484375 0.20390625 0.10703125
2 0.12421875 0.875 0.2484375 0.21953125
2 0.3625 0.815625 0.18046875 0.07890625
3 0.5671875 0.60234375 0.10390625 0.04609375
0 0.6 0.80703125 0.053125 0.096875
