0 0.24921875 0.64140625 0.06328125 0.07109375
1 0.43203125 0.67578125 0.0875 0.01328125
0 0.3203125 0.83203125 0.0640625 0.325
0 0.1625 0.6578125 0.06015625 0.03515625
0 0.01640625 0.77109375 0.028125 0.02890625
0 0.11171875 0.69375 0.03515625 0.03125
0 0.3 0.59296875 0.0078125 0.009375
0 0.14375 0.721875 0.08828125 0.08359375
0 0.3828125 0.6328125 0.02265625 0.06875
0 0.3734375 0.71796875 0.0265625 0.09921875
0 0.390625 0.525 0.01171875 0.02109375
0 0.33515625 0.63359375 0.01640625 0.05703125
0 0.06328125 0.73125 0.06640625 0.053125
0 0.06171875 0.79140625 0.07265625 0.0609375