0 0.1640625 0.72265625 0.13828125 0.09375
0 0.32421875 0.76875 0.0359375 0.05859375
0 0.471875 0.7296875 0.0140625 0.0546875
0 0.359375 0.703125 0.02109375 0.03671875
0 0.303125 0.74921875 0.02578125 0.04765625
0 0.1921875 0.85546875 0.08125 0.1015625
0 0.6296875 0.9609375 0.05625 0.0734375
0 0.4546875 0.77734375 0.00546875 0.015625
0 0.30625 0.63671875 0.0140625 0.01796875
0 0.25390625 0.67890625 0.0828125 0.07109375
0 0.56953125 0.92734375 0.0546875 0.13359375
0 0.07265625 0.828125 0.14375 0.13515625
0 0.41640625 0.92109375 0.028125 0.15390625