0 0.3515625 0.771875 0.01640625 0.109375
0 0.271875 0.671875 0.03515625 0.0484375
3 0.33359375 0.61875 0.009375 0.00703125
3 0.35 0.584375 0.034375 0.0453125
2 0.31875 0.79375 0.03203125 0.09609375
3 0.26875 0.7921875 0.06875 0.0984375
2 0.215625 0.74453125 0.0359375 0.06015625
2 0.190625 0.809375 0.084375 0.06484375
2 0.1453125 0.7390625 0.10078125 0.1125
2 0.04765625 0.85625 0.09453125 0.1171875
2 0.24296875 0.91328125 0.1375 0.1421875
2 0.2984375 0.7265625 0.10078125 0.03671875
0 0.440625 0.81015625 0.05390625 0.328125
3 0.315625 0.66875 0.0484375 0.0828125