1 0.35546875 0.56875 0.034375 0.01640625
0 0.44609375 0.69140625 0.034375 0.05078125
0 0.13515625 0.89609375 0.13125 0.1984375
1 0.29609375 0.6359375 0.0796875 0.00703125
0 0.23984375 0.64765625 0.04375 0.0421875
0 0.10859375 0.79765625 0.21640625 0.25625
0 0.42734375 0.7453125 0.053125 0.11328125
0 0.22734375 0.78125 0.07265625 0.13359375
0 0.21953125 0.8859375 0.1046875 0.22578125
0 0.28046875 0.89765625 0.0734375 0.19765625
0 0.478125 0.92109375 0.03125 0.15234375
0 0.30546875 0.7515625 0.04921875 0.1390625
1 0.2453125 0.678125 0.1578125 0.03359375
0 0.40859375 0.58671875 0.0453125 0.0578125
0 0.3328125 0.66328125 0.02265625 0.0546875
1 0.29609375 0.6484375 0.09453125 0.009375
0 0.26796875 0.73984375 0.0609375 0.115625
1 0.3140625 0.61640625 0.08359375 0.01171875
1 0.3953125 0.63359375 0.0640625 0.02265625
0 0.4796875 0.8265625 0.03515625 0.1359375