0 0.190625 0.76484375 0.13125 0.121875
0 0.2265625 0.65 0.05625 0.03984375
0 0.04375 0.915625 0.08125 0.12109375
0 0.29921875 0.81953125 0.1015625 0.35703125
0 0.05703125 0.840625 0.1109375 0.06796875
0 0.18125 0.6640625 0.046875 0.053125
0 0.24140625 0.5953125 0.06171875 0.0546875
0 0.35 0.89140625 0.06484375 0.15546875
0 0.38203125 0.96640625 0.02734375 0.0640625
0 0.44296875 0.6890625 0.0546875 0.08203125
0 0.2296875 0.7953125 0.0703125 0.125
0 0.03828125 0.76875 0.071875 0.065625
0 0.340625 0.61015625 0.07265625 0.0484375
0 0.44765625 0.89921875 0.0546875 0.19140625
0 0.1203125 0.78359375 0.0453125 0.0359375
0 0.1046875 0.7265625 0.08671875 0.0796875
3 0.5484375 0.85234375 0.1203125 0.228125
0 0.16875 0.9359375 0.046875 0.10390625