0 0.42421875 0.575 0.00390625 0.0140625
0 0.36171875 0.5828125 0.01875 0.0296875
0 0.325 0.653125 0.01171875 0.02265625
0 0.425 0.5484375 0.003125 0.00546875
0 0.26640625 0.61640625 0.0109375 0.015625
1 0.4453125 0.60234375 0.0328125 0.00390625
0 0.40390625 0.65078125 0.02890625 0.03828125
1 0.37265625 0.68046875 0.1703125 0.03671875
3 0.4359375 0.625 0.01953125 0.01484375
0 0.38359375 0.54921875 0.00703125 0.0109375
0 0.37578125 0.5953125 0.00625 0.01328125
0 0.4265625 0.653125 0.0171875 0.03828125
1 0.41953125 0.56328125 0.02578125 0.0046875
1 0.30078125 0.6328125 0.02265625 0.00859375
0 0.45625 0.67890625 0.0140625 0.03125
1 0.4109375 0.6125 0.06875 0.0203125
2 0.34140625 0.5609375 0.015625 0.01875