2 0.27109375 0.8109375 0.07109375 0.15703125
2 0.3828125 0.62109375 0.06328125 0.096875
3 0.30390625 0.76875 0.0359375 0.02734375
0 0.18359375 0.93515625 0.01484375 0.040625
0 0.20546875 0.7296875 0.08828125 0.12734375
3 0.36875 0.58671875 0.009375 0.01171875
0 0.32265625 0.68671875 0.03984375 0.0578125
0 0.2234375 0.834375 0.0453125 0.1078125
0 0.22578125 0.97890625 0.01796875 0.0375
0 0.11953125 0.8171875 0.07890625 0.1171875
0 0.40390625 0.69453125 0.01015625 0.046875
0 0.4796875 0.9359375 0.04296875 0.12421875
0 0.3578125 0.80546875 0.0265625 0.04609375
3 0.3453125 0.7640625 0.0328125 0.0234375