0 0.378125 0.64140625 0.01484375 0.0828125
0 0.0875 0.978125 0.0546875 0.03984375
0 0.31484375 0.60546875 0.01875 0.065625
0 0.2 0.8546875 0.12578125 0.1765625
0 0.28203125 0.63671875 0.028125 0.0265625
0 0.37578125 0.5796875 0.0328125 0.08046875
0 0.31171875 0.709375 0.03125 0.075
0 0.3328125 0.54453125 0.015625 0.0515625
0 0.34375 0.7703125 0.01875 0.07890625
0 0.38125 0.83984375 0.02578125 0.31328125
0 0.32734375 0.79375 0.11171875 0.23984375
0 0.20078125 0.8234375 0.04140625 0.08671875
0 0.29140625 0.584375 0.0109375 0.0296875
0 0.3265625 0.625 0.04453125 0.1109375
0 0.14609375 0.79609375 0.215625 0.29921875