0 0.4359375 0.64375 0.00859375 0.0359375
0 0.38359375 0.59296875 0.00625 0.0171875
0 0.375 0.95390625 0.025 0.090625
0 0.18515625 0.8296875 0.22890625 0.3375
0 0.4203125 0.57109375 0.00703125 0.02265625
0 0.3984375 0.84765625 0.02734375 0.303125
0 0.44296875 0.86171875 0.01953125 0.11953125
0 0.396875 0.63125 0.028125 0.06328125
0 0.4234375 0.61796875 0.0171875 0.0625
0 0.36484375 0.6796875 0.028125 0.171875
0 0.43828125 0.7046875 0.0171875 0.04453125
0 0.46484375 0.771875 0.0109375 0.09765625
0 0.3484375 0.7953125 0.05546875 0.21796875
0 0.1703125 0.75078125 0.028125 0.034375
0 0.2421875 0.6578125 0.153125 0.13515625