0 0.07265625 0.85234375 0.0421875 0.04921875
0 0.534375 0.81484375 0.03203125 0.08359375
1 0.43984375 0.75078125 0.1484375 0.05546875
0 0.0203125 0.91875 0.03515625 0.040625
1 0.4765625 0.8640625 0.1640625 0.05546875
0 0.1953125 0.7296875 0.021875 0.02890625
1 0.36484375 0.64921875 0.20703125 0.01484375
0 0.37109375 0.65625 0.02734375 0.13359375
0 0.42578125 0.62109375 0.02890625 0.0328125
0 0.25546875 0.65625 0.04765625 0.05859375
0 0.15546875 0.7625 0.0140625 0.04453125
1 0.2578125 0.71640625 0.20078125 0.0171875
0 0.4921875 0.71015625 0.02421875 0.07265625
0 0.1140625 0.81875 0.03046875 0.04453125
1 0.23984375 0.8171875 0.165625 0.0578125