1 0.19453125 0.8046875 0.05 0.01875
0 0.28046875 0.7390625 0.046875 0.08671875
0 0.14453125 0.909375 0.0703125 0.1328125
0 0.2296875 0.828125 0.0625 0.09453125
0 0.325 0.58203125 0.03203125 0.021875
0 0.15625 0.8125 0.04765625 0.05859375
0 0.07265625 0.79609375 0.05234375 0.05390625
1 0.40234375 0.7515625 0.2609375 0.05703125
2 0.18984375 0.6953125 0.18046875 0.17109375
0 0.20234375 0.9359375 0.05234375 0.12265625
0 0.0234375 0.8234375 0.04140625 0.04140625
0 0.40078125 0.5921875 0.02578125 0.034375